2 584.36 234.52
2 574.33 225.89
2 563.18 216.55
2 551.89 207.38
2 541.52 199.15
2 541.52 199.15
2 531.06 190.98
2 521.58 183.71
2 503.55 170.15
2 496.07 164.63
2 496.07 164.63
2 465.85 142.97
2 462.57 140.7
2 462.57 140.7
2 440.54 125.73
2 439.43 125.0
2 431.61 119.86
2 408.85 105.6
2 407.69 104.9
2 407.69 104.9
2 375.9 86.81
2 372.31 84.9
2 360.32 78.62
2 347.07 71.89
2 347.07 71.89
2 337.37 67.12
2 328.81 63.05
2 316.46 57.49
2 302.67 51.69
2 302.67 51.69
2 289.94 46.74
2 275.78 41.67
2 264.17 37.83
2 250.03 33.5
2 237.21 29.87
2 211.54 23.44
2 211.54 23.44
2 189.68 18.67
2 189.68 18.67
2 188.39 18.41
2 172.9 15.43
2 148.14 11.53
2 148.14 11.53
2 138.94 10.36
2 128.37 9.25
2 115.06 8.24
2 101.67 7.69
2 90.9 7.56
2 65.25 8.04
2 63.9 8.08
2 54.45 8.4
2 45.01 8.71
2 30.22 9.05
2 4.79 8.93
2 3.45 8.89
2 -7.23 8.47
2 -28.55 6.79
2 -29.88 6.65
2 -39.2 5.59
2 -53.81 3.51
2 -63.06 2.91
2 -87.94 -3.36
2 -87.94 -3.36
2 -98.33 -5.86
2 -107.38 -8.14
2 -130.57 -14.31
2 -131.86 -14.66
2 -144.73 -18.22
2 -158.92 -22.2
2 -183.54 -29.17
2 -183.54 -29.17
2 -183.54 -29.17
2 -197.87 -33.28
2 -212.23 -37.46
2 -225.26 -41.36
2 -234.31 -44.17
2 -254.68 -50.88
2 -255.94 -51.32
2 -269.72 -56.22
2 -277.18 -59.01
2 -290.74 -64.39
2 -312.61 -73.88
2 -313.81 -74.42
2 -322.23 -78.29
2 -336.56 -85.14
2 -336.56 -85.14
2 -344.85 -89.28
2 -356.61 -95.34
2 -369.46 -102.2
2 -381.08 -108.61
2 -406.47 -123.23
2 -408.77 -124.6
2 -408.77 -124.6
2 -432.84 -139.14
2 -432.84 -139.14
2 -441.95 -144.79
2 -454.38 -152.67
2 -462.23 -157.75
2 -481.07 -170.37
2 -482.17 -171.12
2 -489.81 -176.47
2 -500.62 -184.26
2 -500.62 -184.26
2 -531.18 -208.08
2 -533.24 -209.79
2 -544.51 -219.35
2 -552.61 -226.44
2 -552.61 -226.44
2 -559.59 -232.75
2 -576.07 -248.64
2 -583.55 -256.42
2 -583.55 -256.42
2 -592.61 -266.43
2 -609.74 -287.24
2 -610.56 -288.3
2 -619.48 -300.17
2 -627.29 -311.2
2 -632.61 -319.05
2 -637.08 -325.87
2 -645.05 -338.56
2 -645.05 -338.56
2 -658.88 -362.16
2 -663.55 -370.53
2 -668.12 -378.9
2 -675.09 -392.02
2 -680.64 -402.74
2 -680.64 -402.74
2 -684.87 -411.07
2 -696.67 -434.86
2 -700.14 -442.0
2 -704.16 -450.34
2 -708.14 -458.69
2 -708.14 -458.69
