1 5513.43 -1682.23
1 5513.43 -1682.23
1 5513.43 -1682.23
1 5513.43 -1682.23
1 5513.42 -1682.22
1 5513.4 -1682.19
1 5513.31 -1682.08
1 5513.15 -1681.89
1 5513.15 -1681.89
1 5512.54 -1681.13
1 5511.7 -1680.1
1 5511.7 -1680.1
1 5510.86 -1679.07
1 5510.09 -1678.12
1 5508.97 -1676.73
1 5508.97 -1676.73
1 5508.01 -1675.55
1 5507.06 -1674.37
1 5505.34 -1672.25
1 5503.59 -1670.07
1 5501.69 -1667.69
1 5501.69 -1667.69
1 5499.47 -1664.91
1 5497.37 -1662.25
1 5493.41 -1657.18
1 5491.79 -1655.07
1 5490.36 -1653.21
1 5488.18 -1650.34
1 5485.96 -1647.38
1 5484.21 -1645.03
1 5481.43 -1641.27
1 5476.81 -1634.89
1 5476.29 -1634.16
1 5471.98 -1628.12
1 5471.42 -1627.33
1 5466.85 -1620.82
1 5466.55 -1620.4
1 5464.18 -1616.98
1 5462.08 -1613.91
1 5459.67 -1610.37
1 5454.06 -1601.91
1 5454.06 -1601.91
1 5448.62 -1593.55
1 5448.05 -1592.66
1 5445.77 -1589.1
1 5443.77 -1585.94
1 5443.77 -1585.94
1 5438.12 -1576.82
1 5434.02 -1570.04
1 5433.75 -1569.59
1 5433.75 -1569.59
1 5428.94 -1561.48
1 5428.94 -1561.48
1 5427.06 -1558.28
1 5423.79 -1552.69
1 5419.34 -1545.0
1 5419.34 -1545.0
1 5414.58 -1536.62
1 5412.63 -1533.13
1 5410.68 -1529.62
1 5407.33 -1523.57
1 5404.55 -1518.48
1 5400.11 -1510.3
1 5400.11 -1510.3
1 5397.06 -1504.65
1 5397.06 -1504.65
1 5395.12 -1501.02
1 5392.05 -1495.25
1 5388.94 -1489.36
1 5386.08 -1483.88
1 5383.49 -1478.89
1 5381.47 -1474.96
1 5379.44 -1471.0
1 5376.24 -1464.68
1 5370.92 -1454.07
1 5370.62 -1453.48
1 5365.79 -1443.74
1 5362.06 -1436.22
1 5359.21 -1430.49
1 5356.32 -1424.7
1 5355.68 -1423.41
1 5355.68 -1423.41
1 5353.42 -1418.88
1 5345.95 -1404.01
1 5343.04 -1398.24
1 5340.14 -1392.51
1 5338.53 -1389.33
1 5334.67 -1381.75
1 5334.35 -1381.12
1 5333.7 -1379.86
1 5330.16 -1372.93
1 5324.32 -1361.54
1 5324.32 -1361.54
1 5322.01 -1357.07
1 5319.35 -1351.91
1 5315.96 -1345.38
1 5313.9 -1341.41
1 5309.7 -1333.35
1 5306.48 -1327.19
1 5302.46 -1319.52
1 5302.46 -1319.52
1 5299.1 -1313.12
1 5291.31 -1298.54
1 5291.31 -1298.54
1 5283.85 -1285.01
1 5283.85 -1285.01
1 5277.29 -1273.46
1 5273.22 -1266.46
1 5273.22 -1266.46
1 5268.15 -1257.84
1 5262.96 -1249.19
1 5262.96 -1249.19
1 5253.25 -1233.44
1 5245.66 -1221.59
1 5245.66 -1221.59
1 5236.16 -1207.28
1 5234.53 -1204.89
1 5229.02 -1196.87
1 5223.38 -1188.81
1 5222.81 -1188.0
1 5216.43 -1179.06
1 5206.16 -1165.16
1 5204.92 -1163.53
1 5204.29 -1162.71
1 5199.21 -1156.16
1 5186.52 -1140.67
1 5185.83 -1139.85
1 5178.13 -1130.88
1 5170.9 -1122.73
1 5166.44 -1117.87
1 5166.44 -1117.87
1 5150.23 -1100.89
1 5150.23 -1100.89
1 5137.26 -1088.0
1 5131.43 -1082.36
1 5125.53 -1076.71
1 5116.97 -1068.61
1 5100.31 -1053.14
1 5099.42 -1052.33
1 5099.42 -1052.33
1 5093.17 -1046.62
1 5084.17 -1038.47
1 5066.0 -1022.24
1 5066.0 -1022.24
1 5055.96 -1013.37
1 5049.53 -1007.75
1 5040.28 -999.74
1 5030.01 -990.95
1 5030.01 -990.95
1 5010.01 -974.29
1 5009.05 -973.5
1 5001.27 -967.24
1 4992.43 -960.26
1 4981.49 -951.85
1 4970.41 -943.55
1 4954.07 -931.58
1 4949.95 -928.59
1 4934.33 -917.42
1 4924.85 -910.71
1 4923.79 -909.97
1 4923.79 -909.97
1 4901.32 -894.26
1 4889.36 -886.01
1 4889.36 -886.01
1 4867.28 -871.06
1 4856.11 -864.41
1 4847.11 -857.82
1 4843.73 -855.64
1 4842.6 -854.91
1 4819.91 -840.61
1 4819.91 -840.61
1 4816.48 -838.52
1 4805.0 -831.67
1 4782.96 -819.13
1 4782.96 -819.13
1 4774.78 -814.62
1 4763.06 -808.26
1 4756.01 -804.48
1 4744.25 -798.25
1 4731.28 -791.48
1 4719.46 -785.4
1 4711.17 -781.18
1 4699.28 -775.2
1 4687.34 -769.26
1 4675.33 -763.37
1 4666.89 -759.28
1 4657.22 -754.63
1 4646.3 -749.45
1 4637.78 -745.45
1 4630.45 -742.04
1 4607.15 -731.37
1 4604.69 -730.25
1 4596.05 -726.37
1 4582.42 -720.3
1 4571.2 -715.37
1 4571.2 -715.37
1 4558.67 -709.93
1 4532.17 -698.79
1 4520.75 -694.18
1 4511.86 -690.66
1 4511.86 -690.66
1 4501.69 -686.72
1 4488.95 -681.91
1 4463.28 -672.62
1 4459.41 -671.25
1 4450.36 -668.07
1 4429.62 -660.91
1 4416.69 -656.52
1 4416.69 -656.52
1 4390.9 -647.93
1 4388.32 -647.08
1 4388.32 -647.08
1 4377.99 -643.71
1 4365.04 -639.53
1 4337.66 -630.96
1 4337.66 -630.96
1 4337.66 -630.96
1 4323.31 -626.66
1 4308.95 -622.52
1 4297.16 -619.25
1 4284.02 -615.75
1 4269.48 -612.06
1 4252.2 -607.86
1 4241.56 -605.36
1 4220.33 -600.49
1 4220.33 -600.49
1 4209.77 -598.13
1 4196.63 -595.24
1 4187.45 -593.24
1 4176.96 -591.0
1 4169.09 -589.35
1 4148.04 -585.05
1 4129.53 -581.41
1 4114.93 -578.62
1 4104.28 -576.61
1 4104.28 -576.61
1 4093.59 -574.63
1 4080.19 -572.22
1 4068.08 -570.09
1 4041.07 -565.64
1 4027.56 -563.58
1 4026.21 -563.38
1 4026.21 -563.38
1 4010.05 -561.05
1 3999.37 -559.6
1 3976.89 -556.85
1 3967.69 -555.84
1 3958.49 -554.92
1 3937.47 -553.04
1 3922.99 -551.88
1 3922.99 -551.88
1 3908.49 -550.78
1 3899.25 -550.12
1 3890.0 -549.5
1 3862.18 -547.81
1 3858.19 -547.59
1 3839.56 -546.63
1 3828.87 -546.13
1 3820.84 -545.79
1 3819.5 -545.74
1 3810.11 -545.38
1 3800.71 -545.05
1 3787.24 -544.68
1 3777.81 -544.5
1 3762.96 -544.39
1 3749.45 -544.52
1 3723.86 -545.53
1 3713.14 -546.24
1 3710.47 -546.44
1 3709.13 -546.55
1 3687.82 -548.57
1 3674.58 -550.26
1 3674.58 -550.26
1 3660.08 -552.48
1 3646.95 -554.87
1 3622.15 -560.36
1 3620.85 -560.68
1 3620.85 -560.68
1 3605.23 -564.69
1 3592.22 -568.28
1 3580.51 -571.67
1 3571.44 -574.41
1 3558.56 -578.39
1 3545.72 -582.45
1 3536.74 -585.32
1 3523.92 -589.42
1 3502.15 -596.36
1 3500.87 -596.77
1 3493.18 -599.22
1 3480.35 -603.3
1 3467.48 -607.39
1 3444.24 -614.9
1 3441.65 -615.74
1 3429.99 -619.58
1 3429.99 -619.58
1 3402.79 -628.71
1 3402.79 -628.71
1 3392.49 -632.22
1 3375.84 -637.99
1 3366.9 -641.14
1 3346.47 -648.41
1 3346.47 -648.41
1 3336.22 -652.05
1 3323.39 -656.62
1 3290.04 -668.17
1 3279.88 -671.51
1 3269.74 -674.71
1 3267.21 -675.49
1 3245.71 -681.81
1 3245.71 -681.81
1 3244.45 -682.17
1 3219.14 -689.03
1 3215.33 -690.0
1 3206.42 -692.2
1 3192.33 -695.46
1 3184.6 -697.14
1 3172.94 -699.49
1 3154.62 -702.74
1 3154.62 -702.74
1 3145.39 -704.18
1 3132.13 -706.03
1 3117.47 -707.75
1 3102.73 -709.14
1 3081.18 -710.58
1 3067.68 -711.11
1 3056.89 -711.23
1 3055.54 -711.22
1 3044.79 -710.99
1 3036.76 -710.62
1 3010.16 -708.19
1 2996.94 -706.43
1 2995.62 -706.24
1 2986.39 -704.8
1 2986.39 -704.8
1 2949.91 -697.03
1 2946.06 -695.97
1 2934.59 -692.63
1 2921.99 -688.5
1 2920.74 -688.06
1 2908.32 -683.42
1 2886.5 -673.64
1 2886.5 -673.64
1 2877.04 -668.71
1 2865.46 -662.04
1 2856.41 -656.29
1 2849.77 -651.72
1 2831.72 -637.59
1 2831.72 -637.59
1 2820.6 -627.69
1 2813.75 -621.13
1 2803.36 -610.52
1 2789.86 -595.65
1 2783.73 -588.62
1 2781.12 -585.61
1 2770.75 -573.51
1 2764.78 -566.44
1 2758.85 -559.34
1 2749.61 -548.14
1 2744.61 -542.01
1 2733.08 -527.61
1 2731.45 -525.54
1 2726.58 -519.3
1 2718.59 -508.82
1 2711.51 -499.27
1 2706.07 -491.78
1 2691.6 -471.19
1 2687.1 -464.63
1 2683.37 -459.15
1 2683.37 -459.15
1 2668.64 -437.02
1 2656.99 -419.19
1 2656.99 -419.19
1 2646.83 -403.58
1 2643.93 -399.12
1 2641.74 -395.79
1 2635.91 -386.92
1 2622.68 -367.11
1 2615.26 -356.16
1 2607.79 -345.23
1 2601.76 -336.51
1 2593.4 -324.56
1 2587.28 -315.88
1 2581.89 -308.31
1 2574.91 -298.61
1 2567.11 -287.86
1 2560.04 -278.22
1 2554.49 -270.77
1 2549.69 -264.41
1 2548.09 -262.3
1 2541.61 -253.9
1 2533.41 -243.5
1 2525.1 -233.2
1 2525.1 -233.2
1 2516.68 -223.01
1 2506.39 -210.93
1 2499.41 -202.97
1 2481.43 -183.57
1 2481.43 -183.57
1 2471.22 -173.17
1 2451.92 -154.84
1 2450.93 -153.95
1 2434.72 -139.91
1 2433.68 -139.05
1 2426.38 -133.09
1 2409.21 -119.94
1 2394.86 -109.79
1 2377.78 -98.86
1 2368.41 -93.41
1 2358.85 -88.25
1 2347.9 -82.76
1 2336.76 -77.6
1 2326.74 -73.27
1 2320.46 -70.66
1 2320.46 -70.66
1 2299.02 -62.44
1 2278.86 -55.51
1 2278.86 -55.51
1 2268.77 -52.23
1 2259.93 -49.46
1 2251.08 -46.76
1 2238.41 -43.04
1 2224.44 -39.12
1 2212.96 -36.04
1 2191.15 -30.54
1 2191.15 -30.54
1 2167.91 -25.11
1 2167.91 -25.11
1 2158.85 -23.11
1 2144.59 -20.15
1 2135.49 -18.4
1 2135.49 -18.4
1 2122.48 -16.08
1 2096.34 -12.13
1 2084.51 -10.65
1 2073.96 -9.45
1 2073.96 -9.45
1 2042.18 -6.46
1 2039.53 -6.25
1 2030.25 -5.54
1 2007.74 -4.09
1 2007.74 -4.09
1 2006.42 -4.02
1 1993.18 -3.31
1 1961.33 -1.94
1 1958.67 -1.84
1 1957.34 -1.8
1 1942.67 -1.3
1 1929.28 -0.93
1 1929.28 -0.93
1 1902.33 -0.57
1 1894.2 -0.57
1 1886.06 -0.62
1 1871.11 -0.85
1 1857.51 -1.16
1 1849.39 -1.38
1 1849.39 -1.38
1 1834.62 -1.81
1 1821.29 -2.19
1 1808.01 -2.54
1 1782.87 -2.99
1 1781.55 -3.0
1 1741.94 -3.13
1 1739.3 -3.11
1 1739.3 -3.11
1 1728.72 -3.01
1 1714.15 -2.84
1 1700.86 -2.65
1 1686.18 -2.42
1 1672.78 -2.19
1 1663.36 -2.05
1 1644.47 -1.83
1 1644.47 -1.83
1 1635.01 -1.77
1 1620.12 -1.74
1 1606.61 -1.79
1 1591.83 -1.91
1 1582.44 -2.02
1 1569.06 -2.19
1 1555.71 -2.35
1 1541.04 -2.52
1 1541.04 -2.52
1 1513.01 -2.8
1 1492.97 -2.95
1 1491.64 -2.96
1 1490.3 -2.96
1 1475.6 -3.01
1 1462.24 -3.02
1 1448.9 -2.99
1 1422.27 -2.86
1 1422.27 -2.86
1 1411.63 -2.79
1 1411.63 -2.79
1 1398.32 -2.7
1 1370.29 -2.46
1 1358.23 -2.36
1 1356.89 -2.35
1 1346.17 -2.28
1 1319.39 -2.26
1 1318.05 -2.26
1 1295.35 -2.39
1 1295.35 -2.39
1 1278.03 -2.49
1 1264.7 -2.55
1 1252.7 -2.59
1 1251.37 -2.6
1 1238.03 -2.64
1 1228.71 -2.66
1 1214.08 -2.68
1 1214.08 -2.68
1 1202.12 -2.68
1 1172.88 -2.64
1 1162.23 -2.6
1 1160.9 -2.59
1 1146.22 -2.54
1 1132.82 -2.5
1 1111.25 -2.44
1 1097.7 -2.4
1 1097.7 -2.4
1 1082.74 -2.34
1 1073.21 -2.31
1 1073.21 -2.31
1 1035.38 -2.33
1 1034.04 -2.33
1 1032.71 -2.34
1 1006.16 -2.42
1 1004.84 -2.43
1 990.32 -2.46
1 981.09 -2.48
1 966.57 -2.49
1 958.64 -2.49
1 945.39 -2.48
1 934.75 -2.46
1 922.74 -2.43
1 912.01 -2.4
1 902.61 -2.37
1 894.53 -2.35
1 870.21 -2.41
1 860.73 -2.46
1 860.73 -2.46
1 845.88 -2.57
1 832.4 -2.66
1 818.93 -2.74
1 805.46 -2.81
1 779.94 -2.9
1 779.94 -2.9
1 770.53 -2.92
1 754.37 -2.94
1 734.1 -2.94
1 734.1 -2.94
1 734.1 -2.94
1 704.19 -2.88
1 694.63 -2.84
1 685.06 -2.8
1 675.53 -2.74
1 660.66 -2.65
1 648.58 -2.55
1 640.54 -2.48
1 629.85 -2.4
1 616.52 -2.33
1 607.2 -2.31
1 593.89 -2.34
1 577.92 -2.42
1 577.92 -2.42
1 554.01 -2.57
1 554.01 -2.57
1 532.7 -2.69
1 524.71 -2.72
1 514.05 -2.76
1 506.04 -2.79
1 495.36 -2.82
1 472.66 -2.83
1 464.63 -2.83
1 449.89 -2.81
1 436.48 -2.77
1 423.06 -2.72
1 396.13 -2.57
1 394.79 -2.56
1 385.35 -2.49
1 371.89 -2.39
1 371.89 -2.39
1 358.45 -2.27
1 343.71 -2.12
1 316.96 -1.89
1 308.95 -1.87
1 306.27 -1.86
1 295.58 -1.88
1 283.55 -1.94
1 270.15 -2.06
1 255.39 -2.21
1 243.32 -2.33
1 232.58 -2.44
1 219.13 -2.55
1 219.13 -2.55
1 170.55 -2.73
1 167.85 -2.72
1 167.85 -2.72
1 142.28 -2.62
1 142.28 -2.62
1 134.24 -2.58
1 119.53 -2.48
1 107.52 -2.38
1 82.11 -2.16
1 80.77 -2.15
1 67.35 -2.07
1 51.22 -2.03
1 43.16 -2.07
1 43.16 -2.07
1 29.74 -2.27
1 15.01 -2.73
1 4.32 -3.25
1 -10.33 -4.24
1 -34.24 -6.64
1 -35.57 -6.79
1 -48.84 -8.46
1 -48.84 -8.46
1 -75.43 -12.48
1 -75.43 -12.48
1 -84.75 -14.1
1 -98.09 -16.57
1 -122.11 -21.46
1 -123.44 -21.74
1 -138.02 -24.94
1 -138.02 -24.94
1 -173.58 -33.51
1 -177.52 -34.52
1 -189.35 -37.63
1 -203.83 -41.55
1 -203.83 -41.55
1 -214.36 -44.49
1 -226.18 -47.94
1 -239.29 -51.96
1 -253.65 -56.64
1 -274.31 -63.96
1 -274.31 -63.96
1 -298.51 -73.32
1 -299.78 -73.83
1 -319.78 -82.18
1 -321.02 -82.72
1 -341.97 -92.05
1 -352.99 -97.18
1 -355.43 -98.34
1 -363.96 -102.45
1 -372.47 -106.66
1 -385.77 -113.47
1 -404.74 -123.76
1 -404.74 -123.76
1 -405.92 -124.41
1 -418.71 -131.68
1 -431.33 -139.12
1 -448.25 -149.6
1 -459.39 -156.84
1 -459.39 -156.84
1 -475.96 -167.99
1 -475.96 -167.99
1 -483.64 -173.33
1 -495.66 -181.89
1 -517.32 -197.97
1 -518.39 -198.79
1 -525.87 -204.55
1 -533.28 -210.39
1 -554.86 -228.49
1 -554.86 -228.49
1 -565.83 -238.29
1 -565.83 -238.29
1 -576.51 -248.38
1 -585.93 -257.89
1 -595.03 -267.73
1 -604.66 -278.95
1 -613.04 -289.5
1 -621.8 -301.46
1 -635.18 -321.75
1 -635.18 -321.75
1 -635.9 -322.9
1 -643.64 -335.58
1 -655.08 -355.38
1 -655.08 -355.38
1 -660.27 -364.74
1 -666.66 -376.48
1 -673.54 -389.47
1 -679.73 -401.33
1 -690.12 -421.66
1 -690.12 -421.66
