1 685.06 -2.8
1 675.53 -2.74
1 660.66 -2.65
1 648.58 -2.55
1 640.54 -2.48
1 629.85 -2.4
1 616.52 -2.33
1 607.2 -2.31
1 593.89 -2.34
1 577.92 -2.42
1 577.92 -2.42
1 554.01 -2.57
1 554.01 -2.57
1 532.7 -2.69
1 524.71 -2.72
1 514.05 -2.76
1 506.04 -2.79
1 495.36 -2.82
1 472.66 -2.83
1 464.63 -2.83
1 449.89 -2.81
1 436.48 -2.77
1 423.06 -2.72
1 396.13 -2.57
1 394.79 -2.56
1 385.35 -2.49
1 371.89 -2.39
1 371.89 -2.39
1 358.45 -2.27
1 343.71 -2.12
1 316.96 -1.89
1 308.95 -1.87
1 306.27 -1.86
1 295.58 -1.88
1 283.55 -1.94
1 270.15 -2.06
1 255.39 -2.21
1 243.32 -2.33
1 232.58 -2.44
1 219.13 -2.55
1 219.13 -2.55
1 170.55 -2.73
1 167.85 -2.72
1 167.85 -2.72
1 142.28 -2.62
1 142.28 -2.62
1 134.24 -2.58
1 119.53 -2.48
1 107.52 -2.38
1 82.11 -2.16
1 80.77 -2.15
1 67.35 -2.07
1 51.22 -2.03
1 43.16 -2.07
1 43.16 -2.07
1 29.74 -2.27
1 15.01 -2.73
1 4.32 -3.25
1 -10.33 -4.24
1 -34.24 -6.64
1 -35.57 -6.79
1 -48.84 -8.46
1 -48.84 -8.46
1 -75.43 -12.48
1 -75.43 -12.48
1 -84.75 -14.1
1 -98.09 -16.57
1 -122.11 -21.46
1 -123.44 -21.74
1 -138.02 -24.94
1 -138.02 -24.94
1 -173.58 -33.51
1 -177.52 -34.52
1 -189.35 -37.63
1 -203.83 -41.55
1 -203.83 -41.55
1 -214.36 -44.49
1 -226.18 -47.94
1 -239.29 -51.96
1 -253.65 -56.64
1 -274.31 -63.96
1 -274.31 -63.96
1 -298.51 -73.32
1 -299.78 -73.83
1 -319.78 -82.18
1 -321.02 -82.72
1 -341.97 -92.05
1 -352.99 -97.18
1 -355.43 -98.34
1 -363.96 -102.45
1 -372.47 -106.66
1 -385.77 -113.47
1 -404.74 -123.76
1 -404.74 -123.76
1 -405.92 -124.41
1 -418.71 -131.68
1 -431.33 -139.12
1 -448.25 -149.6
1 -459.39 -156.84
1 -459.39 -156.84
1 -475.96 -167.99
1 -475.96 -167.99
1 -483.64 -173.33
1 -495.66 -181.89
1 -517.32 -197.97
1 -518.39 -198.79
1 -525.87 -204.55
1 -533.28 -210.39
1 -554.86 -228.49
1 -554.86 -228.49
1 -565.83 -238.29
1 -565.83 -238.29
1 -576.51 -248.38
1 -585.93 -257.89
1 -595.03 -267.73
1 -604.66 -278.95
1 -613.04 -289.5
1 -621.8 -301.46
1 -635.18 -321.75
1 -635.18 -321.75
1 -635.9 -322.9
1 -643.64 -335.58
1 -655.08 -355.38
1 -655.08 -355.38
1 -660.27 -364.74
1 -666.66 -376.48
1 -673.54 -389.47
1 -679.73 -401.33
1 -690.12 -421.66
1 -690.12 -421.66
